5
1 4 0
0 0 1 3 0
2 0 4 0 0
0 0 0 0 5
0 0 0 0 2
0 0 0 0 0
7 10 5 4 0
6
0 5 0
0 2 3 0 5 0
2 0 0 4 0 0
3 0 0 0 4 0
0 4 0 0 1 2
5 0 4 1 0 5
0 0 0 2 5 0
5 2 5 2 1 0
7
0 6 0
0 4 3 0 0 0 0
4 0 0 0 12 5 0
3 0 0 7 10 0 0
0 0 7 0 2 0 0
0 12 10 2 0 0 5
0 5 0 0 0 0 16
0 0 0 0 5 16 0
14 12 11 6 4 11 0
5
1 4 1
0 0 1 3 0
2 0 4 0 0
0 0 0 0 5
0 0 0 0 2
0 0 0 0 0
7 10 5 4 0
6
0 5 1
0 2 3 0 5 0
2 0 0 4 0 0
3 0 0 0 4 0
0 4 0 0 1 2
5 0 4 1 0 5
0 0 0 2 5 0
5 2 5 2 1 0
7
0 6 1
0 4 3 0 0 0 0
4 0 0 0 12 5 0
3 0 0 7 10 0 0
0 0 7 0 2 0 0
0 12 10 2 0 0 5
0 5 0 0 0 0 16
0 0 0 0 5 16 0
14 12 11 6 4 11 0
5
1 4 2
0 0 1 3 0
2 0 4 0 0
0 0 0 0 5
0 0 0 0 2
0 0 0 0 0
7 10 5 4 0
6
0 5 2
0 2 3 0 5 0
2 0 0 4 0 0
3 0 0 0 4 0
0 4 0 0 1 2
5 0 4 1 0 5
0 0 0 2 5 0
5 2 5 2 1 0
7
0 6 2
0 4 3 0 0 0 0
4 0 0 0 12 5 0
3 0 0 7 10 0 0
0 0 7 0 2 0 0
0 12 10 2 0 0 5
0 5 0 0 0 0 16
0 0 0 0 5 16 0
14 12 11 6 4 11 0
5
1 4 3
0 0 1 3 0
2 0 4 0 0
0 0 0 0 5
0 0 0 0 2
0 0 0 0 0
7 10 5 4 0
6
0 5 3
0 2 3 0 5 0
2 0 0 4 0 0
3 0 0 0 4 0
0 4 0 0 1 2
5 0 4 1 0 5
0 0 0 2 5 0
5 2 5 2 1 0
7
0 6 3
0 4 3 0 0 0 0
4 0 0 0 12 5 0
3 0 0 7 10 0 0
0 0 7 0 2 0 0
0 12 10 2 0 0 5
0 5 0 0 0 0 16
0 0 0 0 5 16 0
14 12 11 6 4 11 0
5
1 4 4
0 0 1 3 0
2 0 4 0 0
0 0 0 0 5
0 0 0 0 2
0 0 0 0 0
7 10 5 4 0
6
0 5 4
0 2 3 0 5 0
2 0 0 4 0 0
3 0 0 0 4 0
0 4 0 0 1 2
5 0 4 1 0 5
0 0 0 2 5 0
5 2 5 2 1 0
7
0 6 4
0 4 3 0 0 0 0
4 0 0 0 12 5 0
3 0 0 7 10 0 0
0 0 7 0 2 0 0
0 12 10 2 0 0 5
0 5 0 0 0 0 16
0 0 0 0 5 16 0
14 12 11 6 4 11 0
5
1 4 5
0 0 1 3 0
2 0 4 0 0
0 0 0 0 5
0 0 0 0 2
0 0 0 0 0
7 10 5 4 0
6
0 5 5
0 2 3 0 5 0
2 0 0 4 0 0
3 0 0 0 4 0
0 4 0 0 1 2
5 0 4 1 0 5
0 0 0 2 5 0
5 2 5 2 1 0
7
0 6 5
0 4 3 0 0 0 0
4 0 0 0 12 5 0
3 0 0 7 10 0 0
0 0 7 0 2 0 0
0 12 10 2 0 0 5
0 5 0 0 0 0 16
0 0 0 0 5 16 0
14 12 11 6 4 11 0